
#=========================================================================================
# score effects
#=========================================================================================

35.939:36.685:ECHO 24 714
35.939:36.685:RADIO 25 0.83
35.939:36.685:REVERB 0.96 0.82 0.3
35.939:36.685:SHIFT -15 8537 6572
45.152:45.898:ECHO 3 747
45.152:45.898:ECHO 93 1436
45.152:45.898:RADIO 9 0.08
45.152:45.898:REVERB 0.97 0.37 0.06
62.149487:63.957:ECHO 63 53
62.161901:63.969:RADIO 27 0.37
74.91125:78.257:RADIO 8 0.33
79.77558:83.246:VOCODER 69 0.23 0.97 0.51 1.54
91.581008:93.015:ECHO 18 359
91.581008:93.015:SHIFT -24 3062 7415
93.076645:94.51:ECHO 85 1773
93.076645:94.51:SHIFTREVERB 5 3101 4144 0.98 0.77 0.85
94.690581:96.052:VOCODER 54 0.67 1 0.11 0.48
95.530485:96.964:REVERB 0.89 0.89 0.47
95.530485:96.964:SHIFT -18 5160 6140
97.026122:98.46:ECHO 67 858
97.026122:98.46:REVERB 0.64 0.02 0.01
230.046775:236.565:SHIFT -16 4265 5868
230.046775:236.565:SHIFTREVERB 5 6080 7559 0.81 0.31 0.15
270.890641:277.204:SHIFT 17 8784 5206
270.908323:277.222:ECHO 59 919
271.0758:277.389:SHIFT -14 6533 1950
292.386428:294.996:ECHO 73 1028
292.386428:294.996:RADIO 7 0.07
292.386428:294.996:SHIFT -5 9038 9998
292.386428:294.996:SHIFTREVERB 12 298 1996 0.58 0.31 0.37
295.755564:298.991:REVERB 0.96 0.82 0.3
299.046008:300.679:RADIO 25 0.83
305.5:308.109:ECHO 3 747
305.5:308.109:ECHO 24 714
305.5:308.109:REVERB 0.97 0.37 0.06
305.5:308.109:SHIFT -15 8537 6572
307.755:309.842:RADIO 9 0.08
307.771:309.858:ECHO 93 1436
307.787:309.874:ECHO 63 53
320.62686:326.94:RADIO 27 0.37
320.633611:326.947:RADIO 8 0.33
320.650335:326.964:VOCODER 69 0.23 0.97 0.51 1.54
320.651294:326.965:ECHO 18 359
320.675883:326.989:SHIFT -24 3062 7415
320.780246:327.094:ECHO 85 1773
336.802081:339.74:REVERB 0.89 0.89 0.47
336.802081:339.74:SHIFT -18 5160 6140
336.802081:339.74:SHIFTREVERB 5 3101 4144 0.98 0.77 0.85
336.802081:339.74:VOCODER 54 0.67 1 0.11 0.48
339.763294:345.341:ECHO 67 858
339.763294:345.341:REVERB 0.64 0.02 0.01
347.764809:350.006:SHIFT -16 4265 5868
347.764809:350.006:SHIFTREVERB 5 6080 7559 0.81 0.31 0.15
356.990813:360.776:SHIFT 17 8784 5206
361.083915:364.395:ECHO 59 919
364.681289:368.383:SHIFT -14 6533 1950
402.087522:402.193:SHIFTREVERB 12 298 1996 0.58 0.31 0.37
402.212349:402.318:RADIO 7 0.07
402.330678:402.436:ECHO 73 1028
402.468984:402.574:SHIFT -5 9038 9998
402.587313:402.693:REVERB 0.96 0.82 0.3
402.711306:402.817:RADIO 25 0.83
402.836133:402.942:ECHO 24 714
402.954462:403.06:SHIFT -15 8537 6572
403.46:403.565:ECHO 93 1436
403.078454:403.184:REVERB 0.97 0.37 0.06
403.216675:403.322:ECHO 3 747
403.341502:403.447:RADIO 9 0.08
403.583824:403.689:ECHO 63 53
403.715445:403.821:RADIO 27 0.37
403.849775:403.955:RADIO 8 0.33
403.957767:404.063:VOCODER 69 0.23 0.97 0.51 1.54
406.2:406.245:ECHO 85 1773
406.6:406.646:REVERB 0.64 0.02 0.01
406.7:406.745:ECHO 67 858
406.35857:406.404:VOCODER 54 0.67 1 0.11 0.48
406.041158:406.087:ECHO 18 359
406.43432:406.48:SHIFT -18 5160 6140
406.116908:406.162:SHIFT -24 3062 7415
406.275314:406.321:SHIFTREVERB 5 3101 4144 0.98 0.77 0.85
406.516328:406.562:REVERB 0.89 0.89 0.47
406.783018:406.829:SHIFT -16 4265 5868
406.865675:406.911:SHIFTREVERB 5 6080 7559 0.81 0.31 0.15
406.925402:406.971:SHIFT 17 8784 5206
406.984625:407.03:ECHO 59 919
407.20211:407.222:RADIO 7 0.07
407.060374:407.106:SHIFT -14 6533 1950
407.142383:407.179:SHIFTREVERB 12 298 1996 0.58 0.31 0.37
408.813766:408.837:ECHO 73 1028
408.882648:408.906:SHIFT -5 9038 9998
408.957812:408.981:REVERB 0.96 0.82 0.3
409.026695:409.05:RADIO 25 0.83
409.102404:409.126:ECHO 24 714
409.171287:409.195:SHIFT -15 8537 6572
409.245861:409.269:REVERB 0.97 0.37 0.06
409.322029:409.346:ECHO 3 747
409.412208:409.436:RADIO 9 0.08
409.488376:409.512:ECHO 93 1436
409.563539:409.587:ECHO 63 53
411.669351:411.733:RADIO 27 0.37
411.742236:411.806:RADIO 8 0.33
411.821767:411.885:VOCODER 69 0.23 0.97 0.51 1.54
411.894652:411.958:ECHO 18 359
412.25:412.313:VOCODER 54 0.67 1 0.11 0.48
412.33:412.393:SHIFT -18 5160 6140
412.024562:412.088:SHIFT -24 3062 7415
412.097447:412.161:ECHO 85 1773
412.176979:412.24:SHIFTREVERB 5 3101 4144 0.98 0.77 0.85
412.402858:412.466:REVERB 0.89 0.89 0.47
412.481766:412.545:REVERB 0.64 0.02 0.01
412.562359:412.626:ECHO 67 858
412.657778:412.721:SHIFT -16 4265 5868
412.738372:412.802:SHIFTREVERB 5 6080 7559 0.81 0.31 0.15
412.817903:412.881:SHIFT 17 8784 5206
412.875372:412.939:ECHO 59 919
412.932356:412.996:SHIFT -14 6533 1950
413.005241:413.069:SHIFTREVERB 12 298 1996 0.58 0.31 0.37
413.084149:413.139:RADIO 7 0.07
413.141617:413.18:ECHO 73 1028
415.226097:415.934:ECHO 24 714
415.226097:415.934:RADIO 25 0.83
415.226097:415.934:REVERB 0.96 0.82 0.3
415.226097:415.934:SHIFT -5 9038 9998
415.226097:415.934:SHIFT -15 8537 6572
419.634204:421.753:ECHO 3 747
419.634204:421.753:REVERB 0.97 0.37 0.06
419.642641:421.761:ECHO 93 1436
419.642641:421.761:RADIO 9 0.08
423.279747:424.953:ECHO 63 53
423.279747:424.953:RADIO 27 0.37
423.288184:424.962:RADIO 8 0.33
423.288184:424.962:VOCODER 69 0.23 0.97 0.51 1.54
430.780735:431.958:SHIFT -24 3062 7415
430.780735:431.963:ECHO 18 359
440.12:441.218:SHIFTREVERB 5 3101 4144 0.98 0.77 0.85
440.12:441.223:ECHO 85 1773
455.542731:456.647:SHIFT -18 5160 6140
455.542731:456.652:VOCODER 54 0.67 1 0.11 0.48
460.618974:461.171:ECHO 67 858
460.618974:461.171:REVERB 0.64 0.02 0.01
460.618974:461.171:REVERB 0.89 0.89 0.47
460.618974:461.171:SHIFT -16 4265 5868
460.618974:461.171:SHIFT 17 8784 5206
460.618974:461.171:SHIFTREVERB 5 6080 7559 0.81 0.31 0.15
505.88577:507.027:ECHO 59 919
505.88577:507.027:ECHO 73 1028
505.88577:507.027:RADIO 7 0.07
505.88577:507.027:SHIFT -14 6533 1950
505.88577:507.027:SHIFTREVERB 12 298 1996 0.58 0.31 0.37
507.764486:509.486:ECHO 24 714
507.764486:509.486:RADIO 25 0.83
507.764486:509.486:REVERB 0.96 0.82 0.3
507.764486:509.486:SHIFT -5 9038 9998
507.764486:509.486:SHIFT -15 8537 6572
509.41:515.474:ECHO 3 747
509.41:515.474:REVERB 0.97 0.37 0.06
509.412498:515.477:ECHO 93 1436
509.412498:515.477:RADIO 9 0.08
516.680159:519.407:ECHO 18 359
516.680159:519.407:ECHO 63 53
516.680159:519.407:RADIO 8 0.33
516.680159:519.407:RADIO 27 0.37
516.680159:519.407:VOCODER 69 0.23 0.97 0.51 1.54
519.473655:521.231:ECHO 85 1773
519.473655:521.231:SHIFT -18 5160 6140
519.473655:521.231:SHIFT -24 3062 7415
519.473655:521.231:SHIFTREVERB 5 3101 4144 0.98 0.77 0.85
519.473655:521.231:VOCODER 54 0.67 1 0.11 0.48
521.551858:526.105:REVERB 0.64 0.02 0.01
521.551858:526.105:REVERB 0.89 0.89 0.47
521.593594:525.916:ECHO 67 858
521.593594:525.916:SHIFT -16 4265 5868
527.424062:530.151:ECHO 59 919
527.424062:530.151:SHIFT -14 6533 1950
527.424062:530.151:SHIFT 17 8784 5206
527.424062:530.151:SHIFTREVERB 5 6080 7559 0.81 0.31 0.15
527.424062:530.151:SHIFTREVERB 12 298 1996 0.58 0.31 0.37
531.209112:539.274:ECHO 73 1028
531.209112:539.274:RADIO 7 0.07
541.898425:542.401:SHIFT -5 9038 9998
546.04:547.439:REVERB 0.96 0.82 0.3
549.25425:556.448:ECHO 3 747
549.207936:556.401:RADIO 25 0.83
549.232818:556.426:ECHO 24 714
549.237034:556.431:REVERB 0.97 0.37 0.06
549.237034:556.431:SHIFT -15 8537 6572
