#================================================================================================
# score effects
#================================================================================================

0.378997:1.308:REVERB 0.96 0.82 0.3
4.145:5.075:RADIO 25 0.83
8.008:9.03:ECHO 24 714
14.072:15.094:SHIFT -15 8537 6572
17.89:19.155:REVERB 0.97 0.37 0.06
24.264:25.241:ECHO 3 747
28.082:29.059:RADIO 9 0.08
31.9:32.877:ECHO 93 1436
36.584:40.312:ECHO 63 53
41.225:42.039:RADIO 27 0.37
45.698:49.426:RADIO 8 0.33
50.437:51.251:VOCODER 69 0.23 0.97 0.51 1.54
54.255:55.069:ECHO 18 359
58.072:58.943:SHIFT -24 3062 7415
63.612:64.471:ECHO 85 1773
68.821:72.546:SHIFTREVERB 5 3101 4144 0.98 0.77 0.85
76.399:78.912:VOCODER 54 0.67 1 0.11 0.48
79.626693:82.785:SHIFT -18 5160 6140
82.919:84.565:REVERB 0.89 0.89 0.47
85.004:86.789:REVERB 0.64 0.02 0.01
87.462097:89.123:ECHO 67 858
91.164818:94.59:SHIFT -16 4265 5868
95.114653:98.54:SHIFTREVERB 5 6080 7559 0.81 0.31 0.15
100.036:102.279:SHIFT 17 8784 5206
103.346:104.992:ECHO 59 919
112.755:114.174:SHIFT -14 6533 1950
114.022:118.16:SHIFTREVERB 12 298 1996 0.58 0.31 0.37
122.893:124.684:RADIO 7 0.07
129.194:130.661:ECHO 73 1028
132.67:137.231:SHIFT -5 9038 9998
137.713:138.332:REVERB 0.96 0.82 0.3
142.97:147.747:RADIO 25 0.83
147.829:149.656:ECHO 24 714
152.00513:153.593:SHIFT -15 8537 6572
153.869:158.43:REVERB 0.97 0.37 0.06
158.499:159.382:ECHO 3 747
163.896:167.476:RADIO 9 0.08
168.755:170.684:ECHO 93 1436
172.759:173.378:ECHO 63 53
177.389:178.905:RADIO 27 0.37
180.415:181.931:RADIO 8 0.33
183.80801:187.239:VOCODER 69 0.23 0.97 0.51 1.54
189.585494:192.61:ECHO 18 359
196.565809:200.291:SHIFT -24 3062 7415
200.543428:201.426:ECHO 85 1773
204.292:206.96:SHIFTREVERB 5 3101 4144 0.98 0.77 0.85
208.301:208.71:VOCODER 54 0.67 1 0.11 0.48
212.086:213.514:SHIFT -18 5160 6140
216.496:218.012:REVERB 0.89 0.89 0.47
219.522:221.038:REVERB 0.64 0.02 0.01
223.908:227.537:ECHO 67 858
231.16:238.385:SHIFT -16 4265 5868
242.002:245.631:SHIFTREVERB 5 6080 7559 0.81 0.31 0.15
247.411:251.972:SHIFT 17 8784 5206
252.545:256.174:ECHO 59 919
257.427:261.988:SHIFT -14 6533 1950
263.168:263.577:SHIFTREVERB 12 298 1996 0.58 0.31 0.37
265.022:265.431:RADIO 7 0.07
267.502309:267.911:ECHO 73 1028
270.671:277.896:SHIFT -5 9038 9998
278.832851:283.99:REVERB 0.96 0.82 0.3
282.60117:286.481:RADIO 25 0.83
285.387872:289.267:ECHO 24 714
288.8508:291.962:SHIFT -15 8537 6572
295.566003:295.833:REVERB 0.97 0.37 0.06
298.8:300.424:ECHO 3 747
300.753:305.098:RADIO 9 0.08
307.705:309.812:ECHO 93 1436
310.778:315.123:ECHO 63 53
314.813:317.042:RADIO 27 0.37
320.41397:327.638:RADIO 8 0.33
327.91664:335.428:VOCODER 69 0.23 0.97 0.51 1.54
339.677:347.354:ECHO 18 359
347.602:354.827:SHIFT -24 3062 7415
358.751878:360.714:ECHO 85 1773
360.741364:362.132:SHIFTREVERB 5 3101 4144 0.98 0.77 0.85
362.164644:364.335:VOCODER 54 0.67 1 0.11 0.48
364.515365:365.906:SHIFT -18 5160 6140
367.372365:369.329:REVERB 0.89 0.89 0.47
369.208:370.436:REVERB 0.64 0.02 0.01
370.462:374.807:ECHO 67 858
374.952252:380.165:SHIFT -16 4265 5868
380.272:381.755:SHIFTREVERB 5 6080 7559 0.81 0.31 0.15
382.966184:383.233:SHIFT 17 8784 5206
385.901085:386.168:ECHO 59 919
389.301:396.526:SHIFT -14 6533 1950
397.452:401.219:SHIFTREVERB 12 298 1996 0.58 0.31 0.37
403.895645:406.342:RADIO 7 0.07
407.205645:409.652:ECHO 73 1028
409.598645:412.045:SHIFT -5 9038 9998
413.031645:415.478:REVERB 0.96 0.82 0.3
415.615:417.098:RADIO 25 0.83
418.011506:420.169:ECHO 24 714
421.657049:423.815:SHIFT -15 8537 6572
423.955:426.133:REVERB 0.97 0.37 0.06
427.084:429.262:ECHO 3 747
431.804:433.98:RADIO 9 0.08
436.33:438.508:ECHO 93 1436
441.1:444.827:ECHO 63 53
445.087028:447.263:RADIO 27 0.37
448.736:450.914:RADIO 8 0.33
451.865:454.043:VOCODER 69 0.23 0.97 0.51 1.54
456.585:458.761:ECHO 18 359
460.939306:468.232:SHIFT -24 3062 7415
468.55:469.444:ECHO 85 1773
476.189527:477.083:SHIFTREVERB 5 3101 4144 0.98 0.77 0.85
477.527:478.603:VOCODER 54 0.67 1 0.11 0.48
481.27563:482.169:SHIFT -18 5160 6140
487.425:489.425:REVERB 0.89 0.89 0.47
490.521745:492.521:REVERB 0.64 0.02 0.01
494.063:494.957:ECHO 67 858
497.81:498.704:SHIFT -16 4265 5868
504.746:506.641:SHIFTREVERB 5 6080 7559 0.81 0.31 0.15
506.62:509.067:SHIFT 17 8784 5206
509.229602:515.456:ECHO 59 919
516.467237:518.805:SHIFT -14 6533 1950
519.456393:521.794:SHIFTREVERB 12 298 1996 0.58 0.31 0.37
521.671198:525.798:RADIO 7 0.07
527.360436:529.698:ECHO 73 1028
530.888056:537.616:SHIFT -5 9038 9998
540.783124:542.013:REVERB 0.96 0.82 0.3
545.747:549.115:RADIO 25 0.83
555.952954:557.182:ECHO 24 714
559.956828:564.388:SHIFT -15 8537 6572
564.246357:569.55:REVERB 0.97 0.37 0.06
570.267357:574.853:ECHO 3 747
582.122656:585.471:RADIO 9 0.08
585.06:589.646:ECHO 93 1436
590.982613:594.282:ECHO 63 53
594.693:597.993:RADIO 27 0.37
603.742974:604.986:RADIO 8 0.33
605.522306:606.355:VOCODER 69 0.23 0.97 0.51 1.54
607.4:611.126:ECHO 18 359
612.241562:615.609:SHIFT -24 3062 7415
618.879742:622.247:ECHO 85 1773
625.795372:628.41:SHIFTREVERB 5 3101 4144 0.98 0.77 0.85
641.010471:644.378:VOCODER 54 0.67 1 0.11 0.48
652.001038:653.84:SHIFT -18 5160 6140
