
#================================================================================================
# score effects
#================================================================================================

2.1:5.46:REVERB 0.96 0.82 0.3
5.912:9.272:RADIO 25 0.83
9.73:14.09:ECHO 24 714
15.776:19.136:SHIFT -15 8537 6572
19.612:23.972:REVERB 0.97 0.37 0.06
25.987:29.347:ECHO 3 747
29.804:33.164:RADIO 9 0.08
33.622:36.511:ECHO 93 1436
36.577:37.673:ECHO 63 53
42.947:45.724:RADIO 27 0.37
45.789:46.885:RADIO 8 0.33
52.159:55.519:VOCODER 69 0.23 0.97 0.51 1.54
55.977:59.337:ECHO 18 359
59.794:64.154:SHIFT -24 3062 7415
65.372:70.545:ECHO 85 1773
72.243:73.66:SHIFTREVERB 5 3101 4144 0.98 0.77 0.85
73.655246:73.655:VOCODER 54 0.67 1 0.11 0.48
74.686:78.179:SHIFT -18 5160 6140
82.918781:84.917:REVERB 0.89 0.89 0.47
84.977:86.509:REVERB 0.64 0.02 0.01
87.489529:89.926:ECHO 67 858
91.376792:94.986:SHIFT -16 4265 5868
95.389626:98.999:SHIFTREVERB 5 6080 7559 0.81 0.31 0.15
100.023:101.555:SHIFT 17 8784 5206
103.384:105.821:ECHO 59 919
106.791:109.047:SHIFT -14 6533 1950
109.136:111.392:RADIO 7 0.07
109.056937:111.312:SHIFTREVERB 12 298 1996 0.58 0.31 0.37
111.745:113.745:ECHO 73 1028
114.202:117.852:SHIFT -5 9038 9998
119.22:121.476:REVERB 0.96 0.82 0.3
121.83:123.83:RADIO 25 0.83
124.636:126.892:ECHO 24 714
127.246:129.246:SHIFT -15 8537 6572
129.16:132.773:REVERB 0.97 0.37 0.06
134.079:138.435:ECHO 3 747
139.574061:144.43:RADIO 9 0.08
146.393:147.87:ECHO 93 1436
147.867:151.504:ECHO 63 53
151.566484:152.354:RADIO 27 0.37
155.079:159.145:RADIO 8 0.33
160.38061:166.387:VOCODER 69 0.23 0.97 0.51 1.54
167.319:168.796:ECHO 18 359
168.793:172.59:SHIFT -24 3062 7415
172.449:177.17:ECHO 85 1773
178.171:178.776:SHIFTREVERB 5 3101 4144 0.98 0.77 0.85
179.229:180.239:VOCODER 54 0.67 1 0.11 0.48
181.197:181.802:SHIFT -18 5160 6140
182.255:183.265:REVERB 0.89 0.89 0.47
185.058522:186.17:REVERB 0.64 0.02 0.01
187.4152:188.769:ECHO 67 858
191.973662:195.59:SHIFT -16 4265 5868
196.496471:200.263:SHIFTREVERB 5 6080 7559 0.81 0.31 0.15
202.265724:204.257:SHIFT 17 8784 5206
204.289074:206.926:ECHO 59 919
208.330344:214.469:SHIFT -14 6533 1950
215.311:216.665:SHIFTREVERB 12 298 1996 0.58 0.31 0.37
217.278:218.235:RADIO 7 0.07
218.287:219.641:ECHO 73 1028
220.304:221.261:SHIFT -5 9038 9998
222.078:223.944:REVERB 0.96 0.82 0.3
227.335744:229.935:RADIO 25 0.83
229.982:233.465:ECHO 24 714
236.621:240.338:SHIFT -15 8537 6572
240.295:242.147:REVERB 0.97 0.37 0.06
245.521:247.81:ECHO 3 747
248.869:252.935:RADIO 9 0.08
255.789:258.078:ECHO 93 1436
258.885:262.951:ECHO 63 53
264.062:267.605:RADIO 27 0.37
268.306949:271.274:RADIO 8 0.33
276.132:279.849:VOCODER 69 0.23 0.97 0.51 1.54
281.30386:284.375:ECHO 18 359
284.460184:287.659:SHIFT -24 3062 7415
287.797682:290.996:ECHO 85 1773
291.428067:294.918:SHIFTREVERB 5 3101 4144 0.98 0.77 0.85
296.912:300.405:VOCODER 54 0.67 1 0.11 0.48
301.137:304.656:SHIFT -18 5160 6140
305.503027:308.471:REVERB 0.89 0.89 0.47
310.792:314.311:REVERB 0.64 0.02 0.01
314.799:318.318:ECHO 67 858
320.389:323.908:SHIFT -16 4265 5868
325.87497:329.591:SHIFTREVERB 5 6080 7559 0.81 0.31 0.15
329.245993:334.462:SHIFT 17 8784 5206
336.634488:339.393:ECHO 59 919
339.669:346.21:SHIFT -14 6533 1950
347.781:353.05:SHIFTREVERB 12 298 1996 0.58 0.31 0.37
353.903226:357.62:RADIO 7 0.07
358.027147:361.4:ECHO 73 1028
361.44:364.812:SHIFT -5 9038 9998
365.161285:370.374:REVERB 0.96 0.82 0.3
370.481801:375.558:RADIO 25 0.83
375.795254:380.589:ECHO 24 714
382.015542:383.728:SHIFT -15 8537 6572
384.278475:385.991:REVERB 0.97 0.37 0.06
387.175:390.795:ECHO 3 747
393.876:397.593:RADIO 9 0.08
398.218:400.507:ECHO 93 1436
403.879645:405.411:ECHO 63 53
407.243645:408.775:RADIO 27 0.37
409.795955:412.489:RADIO 8 0.33
413.069645:415.763:VOCODER 69 0.23 0.97 0.51 1.54
416.644631:419.993:ECHO 18 359
420.19253:423.541:SHIFT -24 3062 7415
425.4:428.446:ECHO 85 1773
428.529:431.575:SHIFTREVERB 5 3101 4144 0.98 0.77 0.85
431.796:433.397:VOCODER 54 0.67 1 0.11 0.48
437.775:440.821:SHIFT -18 5160 6140
441.190618:442.286:REVERB 0.89 0.89 0.47
444.739241:445.595:REVERB 0.64 0.02 0.01
450.181:453.227:ECHO 67 858
453.31:456.356:SHIFT -16 4265 5868
456.576:457.806:SHIFTREVERB 5 6080 7559 0.81 0.31 0.15
460.911867:466.007:SHIFT 17 8784 5206
466.043:468.4:ECHO 59 919
469.225:475.792:SHIFT -14 6533 1950
478.164:481.019:SHIFTREVERB 12 298 1996 0.58 0.31 0.37
481.514:488.081:RADIO 7 0.07
488.219:491.074:ECHO 73 1028
491.433:493.79:SHIFT -5 9038 9998
495.303:497.66:REVERB 0.96 0.82 0.3
498.407:504.974:RADIO 25 0.83
504.784:506.316:ECHO 24 714
507.011:508.729:SHIFT -15 8537 6572
509.234:511.523:REVERB 0.97 0.37 0.06
511.682319:515.435:ECHO 3 747
516.3:519.324:RADIO 9 0.08
519.484354:521.638:ECHO 93 1436
521.522563:523.689:ECHO 63 53
523.829561:525.8:RADIO 27 0.37
527.332563:530.088:RADIO 8 0.33
529.604141:531.653:VOCODER 69 0.23 0.97 0.51 1.54
539.136:541.024:ECHO 18 359
542.078:548.616:SHIFT -24 3062 7415
549.241:555.779:ECHO 85 1773
556.684:563.222:SHIFTREVERB 5 3101 4144 0.98 0.77 0.85
563.418357:569.956:VOCODER 54 0.67 1 0.11 0.48
572.435357:574.593:SHIFT -18 5160 6140
576.896:583.434:REVERB 0.89 0.89 0.47
585.261858:587.356:REVERB 0.64 0.02 0.01
587.840391:589.343:ECHO 67 858
589.48:591.638:SHIFT -16 4265 5868
592.1217:594.292:SHIFTREVERB 5 6080 7559 0.81 0.31 0.15
594.706:596.877:SHIFT 17 8784 5206
597.431375:605.594:ECHO 59 919
605.765:607.496:SHIFT -14 6533 1950
610.704255:612.926:SHIFTREVERB 12 298 1996 0.58 0.31 0.37
613.683:615.606:RADIO 7 0.07
615.985:619.052:ECHO 73 1028
621.999:628.537:SHIFT -5 9038 9998
629.664:635.93:REVERB 0.96 0.82 0.3
637.349031:643.887:RADIO 25 0.83
646.81:653.838:ECHO 24 714
