
#================================================================================================
# score effects
#================================================================================================

1.010412:2.747:REVERB 0.96 0.82 0.3
4.73:6.467:RADIO 25 0.83
8.548:10.285:ECHO 24 714
14.612:16.349:SHIFT -15 8537 6572
18.43:20.167:REVERB 0.97 0.37 0.06
24.805:26.542:ECHO 3 747
28.622:30.359:RADIO 9 0.08
32.44:34.177:ECHO 93 1436
36.562:40.29:ECHO 63 53
41.765:43.502:RADIO 27 0.37
45.83:49.557:RADIO 8 0.33
50.977:52.714:VOCODER 69 0.23 0.97 0.51 1.54
54.795:56.532:ECHO 18 359
58.612:60.349:SHIFT -24 3062 7415
63.574:68.855:ECHO 85 1773
70.575:72.295:SHIFTREVERB 5 3101 4144 0.98 0.77 0.85
76.397:79.27:VOCODER 54 0.67 1 0.11 0.48
79.668:83.181:SHIFT -18 5160 6140
84.923:87.398:REVERB 0.89 0.89 0.47
87.450547:89.807:REVERB 0.64 0.02 0.01
94.297742:96.297:ECHO 67 858
98.168576:100.168:SHIFT -16 4265 5868
99.873:102.787:SHIFTREVERB 5 6080 7559 0.81 0.31 0.15
102.758:105.706:SHIFT 17 8784 5206
106.407:107.383:ECHO 59 919
108.814694:109.719:SHIFT -14 6533 1950
111.020728:111.925:SHIFTREVERB 12 298 1996 0.58 0.31 0.37
114.195278:117.947:RADIO 7 0.07
118.907:119.869:ECHO 73 1028
121.192:123.192:SHIFT -5 9038 9998
124.417171:125.464:REVERB 0.96 0.82 0.3
126.619401:128.619:RADIO 25 0.83
128.398238:131.994:ECHO 24 714
132.805:137.374:SHIFT -15 8537 6572
137.724:143.005:REVERB 0.97 0.37 0.06
144.725:146.445:ECHO 3 747
147.812:151.751:RADIO 9 0.08
152.015:153.629:ECHO 93 1436
153.904:158.473:ECHO 63 53
158.65:163.931:RADIO 27 0.37
165.719:167.439:RADIO 8 0.33
168.844664:172.643:VOCODER 69 0.23 0.97 0.51 1.54
172.701622:176.993:ECHO 18 359
177.353391:180.253:SHIFT -24 3062 7415
180.410372:183.351:ECHO 85 1773
183.589461:189.017:SHIFTREVERB 5 3101 4144 0.98 0.77 0.85
189.31438:192.352:VOCODER 54 0.67 1 0.11 0.48
195.086042:196.84:SHIFT -18 5160 6140
201.083707:202.82:REVERB 0.89 0.89 0.47
204.366665:208.301:REVERB 0.64 0.02 0.01
211.960766:214.96:ECHO 67 858
216.410626:219.31:SHIFT -16 4265 5868
219.426748:222.326:SHIFTREVERB 5 6080 7559 0.81 0.31 0.15
223.842:227.609:SHIFT 17 8784 5206
230.479:236.07:ECHO 59 919
237.42:238:SHIFT -14 6533 1950
242.015222:245.782:SHIFTREVERB 12 298 1996 0.58 0.31 0.37
247.506:252.075:RADIO 7 0.07
252.594355:256.361:ECHO 73 1028
257.567:262.165:SHIFT -5 9038 9998
262.322:266.093:REVERB 0.96 0.82 0.3
266.567:270.517:RADIO 25 0.83
276.936588:277.532:ECHO 24 714
279.904147:283.171:SHIFT -15 8537 6572
283.407066:286.674:REVERB 0.97 0.37 0.06
286.650644:289.917:ECHO 3 747
289.78879:293.055:RADIO 9 0.08
293.214067:294.934:ECHO 93 1436
295.542:298.359:ECHO 63 53
298.881342:300.718:RADIO 27 0.37
300.768:305.845:RADIO 8 0.33
306.327027:308.047:VOCODER 69 0.23 0.97 0.51 1.54
308.77:310.361:ECHO 18 359
310.793:316.494:SHIFT -24 3062 7415
316.767664:320.637:ECHO 85 1773
321.115:326.816:SHIFTREVERB 5 3101 4144 0.98 0.77 0.85
326.679558:327.275:VOCODER 54 0.67 1 0.11 0.48
327.926678:335.151:SHIFT -18 5160 6140
337.958488:339.678:REVERB 0.89 0.89 0.47
342.953:347.48:REVERB 0.64 0.02 0.01
349.8:354.493:ECHO 67 858
354.702226:355.282:SHIFT -16 4265 5868
356.886766:360.643:SHIFTREVERB 5 6080 7559 0.81 0.31 0.15
360.874532:364.436:SHIFT 17 8784 5206
364.622253:367.987:ECHO 59 919
368.094:369.766:SHIFT -14 6533 1950
370.856167:374.375:SHIFTREVERB 12 298 1996 0.58 0.31 0.37
375.193095:378.712:RADIO 7 0.07
380.332:382.004:ECHO 73 1028
382.437096:384.803:SHIFT -5 9038 9998
385.1:387.465:REVERB 0.96 0.82 0.3
388.218:390.584:RADIO 25 0.83
394.675:395.257:ECHO 24 714
397.124:399.627:SHIFT -15 8537 6572
400.43:402.15:REVERB 0.97 0.37 0.06
404:406.947:ECHO 3 747
407.188645:410.136:RADIO 9 0.08
409.581645:412.529:ECHO 93 1436
413.015645:415.963:ECHO 63 53
415.584:418.949:RADIO 27 0.37
419.196072:421.779:RADIO 8 0.33
422.841615:425.424:VOCODER 69 0.23 0.97 0.51 1.54
425.264:426.609:ECHO 18 359
427.193:428.178:SHIFT -24 3062 7415
428.392:429.737:ECHO 85 1773
430.213:432.213:SHIFTREVERB 5 3101 4144 0.98 0.77 0.85
436.438:437.423:VOCODER 54 0.67 1 0.11 0.48
437.638:438.983:SHIFT -18 5160 6140
439.458:441.458:REVERB 0.89 0.89 0.47
441.231472:444.959:REVERB 0.64 0.02 0.01
445.150737:447.251:ECHO 67 858
448.845:449.83:SHIFT -16 4265 5868
450.044:451.389:SHIFTREVERB 5 6080 7559 0.81 0.31 0.15
451.973:452.958:SHIFT 17 8784 5206
453.172:454.517:ECHO 59 919
454.993:456.993:SHIFT -14 6533 1950
458.245163:462.476:SHIFTREVERB 12 298 1996 0.58 0.31 0.37
471.363:474.668:RADIO 7 0.07
475.604527:476.58:ECHO 73 1028
478.088:480.068:SHIFT -5 9038 9998
480.62263:481.598:REVERB 0.96 0.82 0.3
483.652:486.957:RADIO 25 0.83
488.308:490.288:ECHO 24 714
493.355:494.331:SHIFT -15 8537 6572
497.225:498.201:REVERB 0.97 0.37 0.06
500.545:503.85:ECHO 3 747
504.73:507.513:RADIO 9 0.08
506.604:509.387:ECHO 93 1436
509.264:514.965:ECHO 63 53
515.03018:516.805:RADIO 27 0.37
516.330728:519.113:RADIO 8 0.33
519.20862:521.507:VOCODER 69 0.23 0.97 0.51 1.54
521.557882:525.784:ECHO 18 359
525.9:527.854:SHIFT -24 3062 7415
527.888663:530.281:ECHO 85 1773
530.931821:535.507:SHIFTREVERB 5 3101 4144 0.98 0.77 0.85
535.677:541.022:VOCODER 54 0.67 1 0.11 0.48
543.316:546.985:SHIFT -18 5160 6140
549.69206:556.15:REVERB 0.89 0.89 0.47
556.675:563.133:REVERB 0.64 0.02 0.01
563.412357:569.95:ECHO 67 858
571.465357:575.134:SHIFT -16 4265 5868
577.593157:582.846:SHIFTREVERB 5 6080 7559 0.81 0.31 0.15
583.809755:585.584:SHIFT 17 8784 5206
587.076445:588.115:ECHO 59 919
589.202:591.683:SHIFT -14 6533 1950
591.701613:593.872:SHIFTREVERB 12 298 1996 0.58 0.31 0.37
594.477:597.95:RADIO 7 0.07
600.04:605.293:ECHO 73 1028
607.404:611.171:SHIFT -5 9038 9998
612.951:615.432:REVERB 0.96 0.82 0.3
617.478:621.186:RADIO 25 0.83
623.237:626.906:ECHO 24 714
630.511652:637.309:SHIFT -15 8537 6572
638.587031:642.256:REVERB 0.97 0.37 0.06
647.566031:654.364:ECHO 3 747
